Cost of the solution: 47
4344
4303
2203
1133
1133

4344
4330
2230
1133
1133

4340
4334
2230
1133
1133

4304
4334
2230
1133
1133

4304
4330
2234
1133
1133

4300
4334
2234
1133
1133

4330
4334
2204
1133
1133

4330
4334
2240
1133
1133

4330
4330
2244
1133
1133

4303
4303
2244
1133
1133

4033
4033
2244
1133
1133

4033
0433
2244
1133
1133

4433
0033
2244
1133
1133

4433
2233
0044
1133
1133

4433
2233
0404
1133
1133

4433
2233
0440
1133
1133

4433
2233
4040
1133
1133

4433
2233
4400
1133
1133

4430
2233
4403
1133
1133

4400
2233
4433
1133
1133

4040
2233
4433
1133
1133

4004
2233
4433
1133
1133

0404
2233
4433
1133
1133

0044
2233
4433
1133
1133

2244
0033
4433
1133
1133

2244
0433
4033
1133
1133

2244
4033
4033
1133
1133

2244
4303
4303
1133
1133

2244
4330
4330
1133
1133

2240
4334
4330
1133
1133

2204
4334
4330
1133
1133

0224
4334
4330
1133
1133

0224
4330
4334
1133
1133

0220
4334
4334
1133
1133

2200
4334
4334
1133
1133

2230
4334
4304
1133
1133

2230
4334
4340
1133
1133

2230
4330
4344
1133
1133

2203
4303
4344
1133
1133

0223
4303
4344
1133
1133

0223
4343
4304
1133
1133

0223
4343
4340
1133
1133

2203
4343
4340
1133
1133

2243
4303
4340
1133
1133

2243
4303
4304
1133
1133

2243
4303
4334
1133
1103

2243
4333
4334
1103
1103

2243
4333
4334
0113
0113

